400
|
0


500
|    \
400    0


600
|       \      \
500       400   0
|    \     |
400   0    0

700
|       
600           500         400     0
|    \         |
500   400  0  400   0      0
|
400  0

400 + 900 + 2600

800
|       
700                            600              500         400
|             
600              500     400   500      400     400    0     0
|
500     400   0  400  0   0    400   0   0       0
|
400  0   0                      0

800 + 3500 +1900 + 900

